<?xml version="1.0"?>
<opencv_storage>
<calibration_time>"Tue 12 Jun 2018 11:10:59 PM"</calibration_time>
<nr_of_frames>14</nr_of_frames>
<image_width>3648</image_width>
<image_height>2736</image_height>
<board_width>9</board_width>
<board_height>6</board_height>
<square_size>3.4500000000000000e+01</square_size>
<fix_aspect_ratio>1.</fix_aspect_ratio>
<!-- flags: +fix_aspectRatio +fix_principal_point +zero_tangent_dist +fix_k4 +fix_k5 -->
<flags>6158</flags>
<fisheye_model>0</fisheye_model>
<camera_matrix type_id="opencv-matrix">
  <rows>3</rows>
  <cols>3</cols>
  <dt>d</dt>
  <data>
    2.8666971534156751e+03 0. 1824. 0. 2.8666971534156751e+03 1368. 0.
    0. 1.</data></camera_matrix>
<distortion_coefficients type_id="opencv-matrix">
  <rows>5</rows>
  <cols>1</cols>
  <dt>d</dt>
  <data>
    2.9655474601770860e-02 -1.4684142433001235e-02 0. 0.
    -8.0865061375560043e-02</data></distortion_coefficients>
<avg_reprojection_error>8.8832124951581581e-01</avg_reprojection_error>
<per_view_reprojection_errors type_id="opencv-matrix">
  <rows>14</rows>
  <cols>1</cols>
  <dt>f</dt>
  <data>
    8.77086103e-01 5.87450802e-01 5.94040096e-01 5.23939312e-01
    8.30006659e-01 8.96761477e-01 7.22939610e-01 6.94376051e-01
    8.79387200e-01 8.97392035e-01 4.50530112e-01 1.19380713e+00
    8.89468431e-01 1.67630470e+00</data></per_view_reprojection_errors>
<!-- a set of 6-tuples (rotation vector + translation vector) for each view -->
<extrinsic_parameters type_id="opencv-matrix">
  <rows>14</rows>
  <cols>6</cols>
  <dt>d</dt>
  <data>
    9.7572156864572421e-02 -2.2005205072141334e-01
    -3.1755603005947264e-02 -1.2375392223753275e+02
    -8.4711456405617554e+01 2.7252715838844966e+02
    1.3288467200580517e-01 -4.5927223327604311e-01
    3.0150433362092697e-02 -1.2701832727748473e+02
    -8.2444048814228779e+01 3.4133620135975445e+02
    9.9364187180130945e-02 7.5329366971570111e-02
    -7.6201792990923500e-02 -1.2763839662772889e+02
    -8.1421190942682884e+01 4.9074315012861535e+02
    -1.0299478550349951e-01 3.0465629247563152e-02
    -4.6139441833858763e-02 -1.3802771777055349e+02
    1.6219723583650890e+01 5.0252096055968769e+02
    -4.6378342586820318e-02 -1.6841404839668445e-01
    3.2285231214091527e-02 -6.3947564355799294e+01
    -4.8145635730111856e+01 3.6088836410592739e+02
    6.9804768576462548e-02 -5.8150751879954173e-03
    6.0062324268996469e-05 -1.1576918684890593e+02
    -1.0187096724740478e+02 3.2898873079519285e+02
    2.8408449735093665e-02 -4.2997470972237456e-01
    4.2963091046103186e-02 -1.5040339792614299e+02
    -9.5623292746396316e+01 3.2146043998450529e+02
    3.2580275540710010e-02 -4.4682635474131904e-01
    9.9127204324863886e-03 -1.5253153134988960e+02
    -9.6935461921480240e+01 3.2021505670124981e+02
    1.2078222544085389e-02 2.4644522709359343e-01 4.2917100039282733e-03
    -1.1737881948998808e+02 -8.4452040183852290e+01
    3.7292339796651288e+02 4.3066085198116488e-01
    -3.2531307284652389e-01 -2.2420743427341898e-02
    -9.2591989735463329e+01 -5.8364552935358056e+01
    2.5537826365369295e+02 1.1296257859692654e-01
    -2.7778013415529063e-01 -3.8283029763344849e-02
    -1.1371344336393753e+02 -7.9728154463217948e+01
    5.9517162453056483e+02 2.8654630884468697e-02
    -6.1698222340682662e-01 5.3426432124517705e-02
    -1.0859458479218462e+02 -8.2698846752453164e+01
    3.1000087776792799e+02 8.9295127348022307e-02 3.5702016272959441e-01
    -4.2425721069496207e-02 -1.1487219680748386e+02
    -1.0568499732380675e+02 4.4569576690488140e+02
    3.4704104184691727e-02 1.1575274522797745e-01 3.7151110344218682e-02
    -1.9959382479369256e+02 -9.5802248994324827e+01
    3.9853810687179413e+02</data></extrinsic_parameters>
<image_points type_id="opencv-matrix">
  <rows>14</rows>
  <cols>54</cols>
  <dt>"2f"</dt>
  <data>
    5.15740723e+02 4.72164429e+02 8.97790100e+02 4.81266541e+02
    1.25794446e+03 4.91202393e+02 1.60284961e+03 4.99780151e+02
    1.92727429e+03 5.07630493e+02 2.23718457e+03 5.14639771e+02
    2.53397266e+03 5.20524475e+02 2.81583569e+03 5.26389954e+02
    3.08564795e+03 5.32139160e+02 5.39997314e+02 8.42309692e+02
    9.17645386e+02 8.42577515e+02 1.27238062e+03 8.42017151e+02
    1.61230505e+03 8.41637634e+02 1.93239417e+03 8.40750183e+02
    2.23814990e+03 8.39870056e+02 2.53089258e+03 8.38921936e+02
    2.81046265e+03 8.37202271e+02 3.07804077e+03 8.35958923e+02
    5.63707520e+02 1.20139880e+03 9.36045349e+02 1.19123120e+03
    1.28613733e+03 1.18188440e+03 1.62148792e+03 1.17267773e+03
    1.93748047e+03 1.16411133e+03 2.23967334e+03 1.15546375e+03
    2.52973755e+03 1.14711035e+03 2.80529761e+03 1.13936548e+03
    3.07093872e+03 1.13161914e+03 5.86595703e+02 1.55447607e+03
    9.53575012e+02 1.53517822e+03 1.29940039e+03 1.51671667e+03
    1.63062451e+03 1.49912878e+03 1.94280493e+03 1.48277075e+03
    2.24159644e+03 1.46724182e+03 2.52876416e+03 1.45180774e+03
    2.80129395e+03 1.43769519e+03 3.06444800e+03 1.42425256e+03
    6.07841675e+02 1.89721130e+03 9.70130737e+02 1.86840808e+03
    1.31209802e+03 1.84177930e+03 1.63908032e+03 1.81631799e+03
    1.94836121e+03 1.79257349e+03 2.24360693e+03 1.77006055e+03
    2.52790869e+03 1.74835950e+03 2.79793555e+03 1.72829639e+03
    3.05817554e+03 1.70835559e+03 6.29520508e+02 2.23149414e+03
    9.85822327e+02 2.19541577e+03 1.32397522e+03 2.16029517e+03
    1.64744861e+03 2.12759741e+03 1.95361255e+03 2.09659131e+03
    2.24573999e+03 2.06728662e+03 2.52742578e+03 2.03972339e+03
    2.79506665e+03 2.01328760e+03 3.05253491e+03 1.98811084e+03
    7.52277344e+02 6.72369934e+02 1.04975183e+03 7.03023193e+02
    1.31999695e+03 7.30943298e+02 1.57083643e+03 7.56383240e+02
    1.80020105e+03 7.79569885e+02 2.01323059e+03 8.00677246e+02
    2.21241064e+03 8.20453735e+02 2.39680981e+03 8.38461121e+02
    2.56964990e+03 8.55294739e+02 7.49273071e+02 9.66075317e+02
    1.04289136e+03 9.83920776e+02 1.31027405e+03 9.99500916e+02
    1.55849988e+03 1.01413104e+03 1.78565625e+03 1.02727905e+03
    1.99694141e+03 1.03920813e+03 2.19447046e+03 1.05025476e+03
    2.37786743e+03 1.06042627e+03 2.54955225e+03 1.07027954e+03
    7.45612000e+02 1.25150732e+03 1.03593237e+03 1.25626245e+03
    1.30071094e+03 1.26052136e+03 1.54666052e+03 1.26450891e+03
    1.77197949e+03 1.26818433e+03 1.98116516e+03 1.27151575e+03
    2.17739258e+03 1.27449585e+03 2.35962061e+03 1.27737512e+03
    2.53065503e+03 1.28005481e+03 7.41685425e+02 1.53185120e+03
    1.02862341e+03 1.52488818e+03 1.29120911e+03 1.51784326e+03
    1.53468762e+03 1.51191553e+03 1.75838733e+03 1.50629382e+03
    1.96611560e+03 1.50108325e+03 2.16115405e+03 1.49651514e+03
    2.34215332e+03 1.49218848e+03 2.51225000e+03 1.48809570e+03
    7.37460327e+02 1.80490076e+03 1.02158368e+03 1.78578870e+03
    1.28152686e+03 1.76898523e+03 1.52318164e+03 1.75290332e+03
    1.74522144e+03 1.73844763e+03 1.95175500e+03 1.72525867e+03
    2.14549731e+03 1.71298206e+03 2.32553223e+03 1.70169568e+03
    2.49436426e+03 1.69096753e+03 7.32920898e+02 2.07175757e+03
    1.01394342e+03 2.04181592e+03 1.27219531e+03 2.01485974e+03
    1.51163818e+03 1.98980969e+03 1.73239575e+03 1.96705505e+03
    1.93759106e+03 1.94582227e+03 2.13010498e+03 1.92632056e+03
    2.30912939e+03 1.90804907e+03 2.47690576e+03 1.89103979e+03
    1.07594678e+03 8.90622620e+02 1.27455908e+03 8.73634705e+02
    1.47385352e+03 8.56592896e+02 1.67726746e+03 8.39178528e+02
    1.88112122e+03 8.21333923e+02 2.08781738e+03 8.02897644e+02
    2.29768164e+03 7.84362244e+02 2.50924146e+03 7.65386169e+02
    2.72464233e+03 7.45544250e+02 1.09788672e+03 1.09343848e+03
    1.29512964e+03 1.07773267e+03 1.49312366e+03 1.06179895e+03
    1.69483667e+03 1.04562756e+03 1.89697778e+03 1.02915002e+03
    2.10214673e+03 1.01220691e+03 2.31059473e+03 9.94837952e+02
    2.52047974e+03 9.77306763e+02 2.73410474e+03 9.59355347e+02
    1.11914587e+03 1.29248328e+03 1.31474487e+03 1.27760278e+03
    1.51163586e+03 1.26269763e+03 1.71205603e+03 1.24760974e+03
